81 41
163 243
34 248
79 233
233 121
62 153
80 164
64 108
37 49
175 134
235 183
246 159
160 49
229 155
98 28
216 167
231 194
230 62
178 111
210 175
221 12
131 241
117 206
178 119
191 114
81 41
163 243
34 248
79 233
233 121
62 153
80 164
64 108
37 49
175 134
235 183
246 159
160 49
229 155
98 28
216 167
231 194
230 62
178 111
210 175
221 12
131 241
117 206
178 119
191 114
81 41
163 243
34 248
79 233
233 121
62 153
80 164
64 108
37 49
175 134
235 183
246 159
160 49
229 155
98 28
216 167
231 194
230 62
178 111
210 175
221 12
131 241
117 206
178 119
191 114
81 41
163 243
34 248
79 233
233 121
62 153
80 164
64 108
37 49
175 134
235 183
246 159
160 49
229 155
98 28
216 167
231 194
230 62
178 111
210 175
221 12
131 241
117 206
178 119
191 114
81 41
163 243
34 248
79 233
233 121
62 153
80 164
64 108
37 49
175 134
235 183
246 159
160 49
229 155
98 28
216 167
231 194
230 62
178 111
210 175
221 12
131 241
117 206
178 119
191 114
